[
    {
        "ID": 64,
        "Name": "JPCSTACKD800",
        "Type": 54,
        "Scale": 1.0,
        "Transform": [
            [
                0.9329928159713745,
                0.0,
                0.3598950505256653,
                0.0
            ],
            [
                -0.0,
                1.0,
                0.0,
                0.0
            ],
            [
                -0.3598950505256653,
                -0.0,
                0.9329928159713745,
                0.0
            ],
            [
                565.6929931640625,
                -1142.9000244140626,
                -43.115699768066409,
                1.0
            ]
        ]
    },
    {
        "ID": 63,
        "Name": "JPCSTACKD800",
        "Type": 54,
        "Scale": 1.0,
        "Transform": [
            [
                0.9329928159713745,
                0.0,
                0.3598950505256653,
                0.0
            ],
            [
                -0.0,
                1.0,
                0.0,
                0.0
            ],
            [
                -0.3598950505256653,
                -0.0,
                0.9329928159713745,
                0.0
            ],
            [
                563.1160278320313,
                -1161.2099609375,
                -44.45899963378906,
                1.0
            ]
        ]
    },
    {
        "ID": 62,
        "Name": "JPCSTACKD800",
        "Type": 54,
        "Scale": 1.0,
        "Transform": [
            [
                0.9329928159713745,
                0.0,
                0.3598950505256653,
                0.0
            ],
            [
                -0.0,
                1.0,
                0.0,
                0.0
            ],
            [
                -0.3598950505256653,
                -0.0,
                0.9329928159713745,
                0.0
            ],
            [
                560.2550048828125,
                -1182.1500244140626,
                -44.58689880371094,
                1.0
            ]
        ]
    },
    {
        "ID": 61,
        "Name": "JPCSTACKD800",
        "Type": 54,
        "Scale": 1.0,
        "Transform": [
            [
                0.9329225420951843,
                0.011449256911873818,
                0.3598950505256653,
                0.0
            ],
            [
                -0.012271538376808167,
                0.9999247193336487,
                0.0,
                0.0
            ],
            [
                -0.3598679304122925,
                -0.004416465759277344,
                0.9329928159713745,
                0.0
            ],
            [
                557.2650146484375,
                -1202.3399658203126,
                -44.25469970703125,
                1.0
            ]
        ]
    },
    {
        "ID": 60,
        "Name": "JPCSTACKD800",
        "Type": 54,
        "Scale": 1.0,
        "Transform": [
            [
                0.9285001754760742,
                0.09144928306341171,
                0.3598950505256653,
                0.0
            ],
            [
                -0.0980171412229538,
                0.9951847195625305,
                0.0,
                0.0
            ],
            [
                -0.3581620454788208,
                -0.035275883972644809,
                0.9329928159713745,
                0.0
            ],
            [
                555.8419799804688,
                -1222.9300537109376,
                -44.7411994934082,
                1.0
            ]
        ]
    },
    {
        "ID": 59,
        "Name": "JPCSTACKD800",
        "Type": 54,
        "Scale": 1.0,
        "Transform": [
            [
                0.9329928159713745,
                0.0,
                0.3598950505256653,
                0.0
            ],
            [
                -0.0,
                1.0,
                0.0,
                0.0
            ],
            [
                -0.3598950505256653,
                -0.0,
                0.9329928159713745,
                0.0
            ],
            [
                553.7210083007813,
                -1244.1700439453126,
                -45.72489929199219,
                1.0
            ]
        ]
    },
    {
        "ID": 58,
        "Name": "JPCSTACKD800",
        "Type": 54,
        "Scale": 1.0,
        "Transform": [
            [
                0.9329928159713745,
                0.0,
                0.3598950505256653,
                0.0
            ],
            [
                -0.0,
                1.0,
                0.0,
                0.0
            ],
            [
                -0.3598950505256653,
                -0.0,
                0.9329928159713745,
                0.0
            ],
            [
                551.760009765625,
                -1262.5799560546876,
                -45.667598724365237,
                1.0
            ]
        ]
    },
    {
        "ID": 57,
        "Name": "JPCSTACKD800",
        "Type": 54,
        "Scale": 1.0,
        "Transform": [
            [
                1.0,
                0.0,
                -0.0,
                0.0
            ],
            [
                0.0,
                1.0,
                0.0,
                0.0
            ],
            [
                0.0,
                0.0,
                1.0,
                0.0
            ],
            [
                567.4110107421875,
                -1143.25,
                -56.36750030517578,
                1.0
            ]
        ]
    },
    {
        "ID": 56,
        "Name": "JPCSTACKD800",
        "Type": 54,
        "Scale": 1.0,
        "Transform": [
            [
                1.0,
                0.0,
                -0.0,
                0.0
            ],
            [
                0.0,
                1.0,
                0.0,
                0.0
            ],
            [
                0.0,
                0.0,
                1.0,
                0.0
            ],
            [
                565.3909912109375,
                -1157.18994140625,
                -56.406700134277347,
                1.0
            ]
        ]
    },
    {
        "ID": 55,
        "Name": "JPCSTACKD800",
        "Type": 54,
        "Scale": 1.0,
        "Transform": [
            [
                1.0,
                0.0,
                -0.0,
                0.0
            ],
            [
                0.0,
                1.0,
                0.0,
                0.0
            ],
            [
                0.0,
                0.0,
                1.0,
                0.0
            ],
            [
                562.1409912109375,
                -1177.8199462890626,
                -56.30759811401367,
                1.0
            ]
        ]
    },
    {
        "ID": 54,
        "Name": "JPCSTACKD800",
        "Type": 54,
        "Scale": 1.0,
        "Transform": [
            [
                1.0,
                0.0,
                -0.0,
                0.0
            ],
            [
                0.0,
                1.0,
                0.0,
                0.0
            ],
            [
                0.0,
                0.0,
                1.0,
                0.0
            ],
            [
                559.3610229492188,
                -1197.5,
                -56.69649887084961,
                1.0
            ]
        ]
    },
    {
        "ID": 53,
        "Name": "JPCSTACKD800",
        "Type": 54,
        "Scale": 1.0,
        "Transform": [
            [
                0.9963126182556152,
                0.08579730987548828,
                -0.0,
                0.0
            ],
            [
                -0.08579730987548828,
                0.9963126182556152,
                0.0,
                0.0
            ],
            [
                0.0,
                0.0,
                1.0,
                0.0
            ],
            [
                557.218994140625,
                -1217.5899658203126,
                -57.022098541259769,
                1.0
            ]
        ]
    },
    {
        "ID": 52,
        "Name": "JPCSTACKD800",
        "Type": 54,
        "Scale": 1.0,
        "Transform": [
            [
                1.0,
                0.0,
                -0.0,
                0.0
            ],
            [
                0.0,
                1.0,
                0.0,
                0.0
            ],
            [
                0.0,
                0.0,
                1.0,
                0.0
            ],
            [
                555.4340209960938,
                -1238.1400146484376,
                -57.427101135253909,
                1.0
            ]
        ]
    },
    {
        "ID": 51,
        "Name": "JPCSTACKD800",
        "Type": 54,
        "Scale": 1.0,
        "Transform": [
            [
                1.0,
                0.0,
                -0.0,
                0.0
            ],
            [
                0.0,
                1.0,
                0.0,
                0.0
            ],
            [
                0.0,
                0.0,
                1.0,
                0.0
            ],
            [
                553.3939819335938,
                -1260.02001953125,
                -57.31800079345703,
                1.0
            ]
        ]
    },
    {
        "ID": 17,
        "Name": "JPCSTACKD800",
        "Type": 54,
        "Scale": 1.0,
        "Transform": [
            [
                0.9999247193336487,
                0.0,
                0.012271538376808167,
                0.0
            ],
            [
                -0.0,
                1.0,
                0.0,
                0.0
            ],
            [
                -0.012271538376808167,
                -0.0,
                0.9999247193336487,
                0.0
            ],
            [
                553.6729736328125,
                -1255.1500244140626,
                -69.38040161132813,
                1.0
            ]
        ]
    },
    {
        "ID": 16,
        "Name": "JPCSTACKD800",
        "Type": 54,
        "Scale": 1.0,
        "Transform": [
            [
                0.9999247193336487,
                0.0,
                0.012271538376808167,
                0.0
            ],
            [
                -0.0,
                1.0,
                0.0,
                0.0
            ],
            [
                -0.012271538376808167,
                -0.0,
                0.9999247193336487,
                0.0
            ],
            [
                552.7490234375,
                -1256.780029296875,
                -82.35890197753906,
                1.0
            ]
        ]
    },
    {
        "ID": 15,
        "Name": "JPCSTACKD800",
        "Type": 54,
        "Scale": 1.0,
        "Transform": [
            [
                1.0,
                0.0,
                -0.0,
                0.0
            ],
            [
                0.0,
                1.0,
                0.0,
                0.0
            ],
            [
                0.0,
                0.0,
                1.0,
                0.0
            ],
            [
                549.7150268554688,
                -1276.97998046875,
                -69.40889739990235,
                1.0
            ]
        ]
    },
    {
        "ID": 14,
        "Name": "JPCSTACKD800",
        "Type": 54,
        "Scale": 1.0,
        "Transform": [
            [
                0.9999247193336487,
                0.0,
                0.012271538376808167,
                0.0
            ],
            [
                -0.0,
                1.0,
                0.0,
                0.0
            ],
            [
                -0.012271538376808167,
                -0.0,
                0.9999247193336487,
                0.0
            ],
            [
                547.22900390625,
                -1297.8199462890626,
                -69.26909637451172,
                1.0
            ]
        ]
    },
    {
        "ID": 13,
        "Name": "NIHTABLE801",
        "Type": 54,
        "Scale": 1.0,
        "Transform": [
            [
                0.0,
                0.0,
                1.0,
                0.0
            ],
            [
                -0.0,
                1.0,
                0.0,
                0.0
            ],
            [
                -1.0,
                -0.0,
                0.0,
                0.0
            ],
            [
                582.9240112304688,
                -1252.5999755859376,
                -117.8949966430664,
                1.0
            ]
        ]
    },
    {
        "ID": 12,
        "Name": "NIHPOT803",
        "Type": 57,
        "Scale": 1.1999999284744263,
        "Transform": [
            [
                0.7957769632339478,
                0.6054654717445374,
                0.012271538376808167,
                0.0
            ],
            [
                -0.6055110692977905,
                0.7958369255065918,
                0.0,
                0.0
            ],
            [
                -0.009766142815351487,
                -0.007430552039295435,
                0.9999247193336487,
                0.0
            ],
            [
                -338.50201416015627,
                -645.8590087890625,
                -118.30899810791016,
                1.0
            ]
        ]
    },
    {
        "ID": 11,
        "Name": "RUJROCKS705",
        "Type": 55,
        "Scale": 15.0,
        "Transform": [
            [
                -0.7066493630409241,
                0.1586834192276001,
                -0.6895405650138855,
                0.0
            ],
            [
                0.21910123527050019,
                0.9757021069526672,
                -0.0,
                0.0
            ],
            [
                0.6727861762046814,
                -0.1510791778564453,
                -0.7242470979690552,
                0.0
            ],
            [
                509.87298583984377,
                -1282.8299560546876,
                -85.43820190429688,
                1.0
            ]
        ]
    },
    {
        "ID": 10,
        "Name": "NIHTABLE801",
        "Type": 54,
        "Scale": 1.0,
        "Transform": [
            [
                0.0,
                0.0,
                1.0,
                0.0
            ],
            [
                -0.0,
                1.0,
                0.0,
                0.0
            ],
            [
                -1.0,
                -0.0,
                0.0,
                0.0
            ],
            [
                582.8480224609375,
                -1243.0799560546876,
                -117.93900299072266,
                1.0
            ]
        ]
    },
    {
        "ID": 9,
        "Name": "NIHTABLE801",
        "Type": 54,
        "Scale": 1.0,
        "Transform": [
            [
                0.0,
                -0.0,
                1.0,
                0.0
            ],
            [
                0.049067676067352298,
                0.9987954497337341,
                0.0,
                0.0
            ],
            [
                -0.9987954497337341,
                0.049067676067352298,
                0.0,
                0.0
            ],
            [
                582.7080078125,
                -1238.550048828125,
                -117.79199981689453,
                1.0
            ]
        ]
    },
    {
        "ID": 8,
        "Name": "RUJROCKS705",
        "Type": 55,
        "Scale": 13.0,
        "Transform": [
            [
                0.37980547547340395,
                0.04684453457593918,
                -0.9238795042037964,
                0.0
            ],
            [
                -0.12241067737340927,
                0.9924795627593994,
                0.0,
                0.0
            ],
            [
                0.9169315099716187,
                0.11309271305799484,
                0.3826834261417389,
                0.0
            ],
            [
                537.7760009765625,
                -1250.260009765625,
                -96.84970092773438,
                1.0
            ]
        ]
    },
    {
        "ID": 3,
        "Name": "RUJROCKS706",
        "Type": 55,
        "Scale": 2.0,
        "Transform": [
            [
                0.7731984853744507,
                -0.603410005569458,
                0.19509032368659974,
                0.0
            ],
            [
                -0.6152315735816956,
                -0.7883464097976685,
                -0.0,
                0.0
            ],
            [
                0.15379874408245088,
                -0.12002572417259217,
                -0.9807852506637573,
                0.0
            ],
            [
                557.8510131835938,
                -1231.4000244140626,
                -87.86080169677735,
                1.0
            ]
        ]
    },
    {
        "ID": 2,
        "Name": "RUJROCKS705",
        "Type": 55,
        "Scale": 20.0,
        "Transform": [
            [
                -0.49728626012802126,
                0.6213394999504089,
                0.6055110692977905,
                0.0
            ],
            [
                -0.7807372212409973,
                -0.6248595118522644,
                0.0,
                0.0
            ],
            [
                0.3783593475818634,
                -0.47274500131607058,
                0.7958369255065918,
                0.0
            ],
            [
                590.2449951171875,
                -1224.43994140625,
                -122.62999725341797,
                1.0
            ]
        ]
    },
    {
        "ID": 4,
        "Name": "RUJROCKS705",
        "Type": 55,
        "Scale": 20.0,
        "Transform": [
            [
                0.021202953532338144,
                -0.8637126088142395,
                0.5035383701324463,
                0.0
            ],
            [
                0.99969881772995,
                0.024541229009628297,
                0.0,
                0.0
            ],
            [
                -0.01235745009034872,
                0.5033866763114929,
                0.8639728426933289,
                0.0
            ],
            [
                589.10400390625,
                -1268.699951171875,
                -124.56300354003906,
                1.0
            ]
        ]
    },
    {
        "ID": 5,
        "Name": "RUJROCKS705",
        "Type": 55,
        "Scale": 12.0,
        "Transform": [
            [
                0.5247177481651306,
                0.10437285900115967,
                0.8448535799980164,
                0.0
            ],
            [
                -0.19509032368659974,
                0.9807852506637573,
                0.0,
                0.0
            ],
            [
                -0.8286198973655701,
                -0.1648227572441101,
                0.5349976420402527,
                0.0
            ],
            [
                595.8660278320313,
                -1248.8800048828126,
                -105.35800170898438,
                1.0
            ]
        ]
    },
    {
        "ID": 6,
        "Name": "RUJROCKS705",
        "Type": 55,
        "Scale": 14.0,
        "Transform": [
            [
                0.9939069747924805,
                -0.11022220551967621,
                -0.0,
                0.0
            ],
            [
                0.11022220551967621,
                0.9939069747924805,
                0.0,
                0.0
            ],
            [
                0.0,
                -0.0,
                1.0,
                0.0
            ],
            [
                579.1840209960938,
                -1253.5,
                -104.81300354003906,
                1.0
            ]
        ]
    },
    {
        "ID": 7,
        "Name": "RUJROCKS705",
        "Type": 55,
        "Scale": 30.0,
        "Transform": [
            [
                0.8615212440490723,
                -0.3693040907382965,
                0.3484186828136444,
                0.0
            ],
            [
                0.39399203658103945,
                0.9191138744354248,
                0.0,
                0.0
            ],
            [
                -0.3202364444732666,
                0.13727417588233949,
                0.9373390078544617,
                0.0
            ],
            [
                528.0689697265625,
                -1296.0699462890626,
                -124.79900360107422,
                1.0
            ]
        ]
    },
    {
        "ID": 18,
        "Name": "JPCSTACKD800",
        "Type": 54,
        "Scale": 1.0,
        "Transform": [
            [
                0.9999247193336487,
                0.0,
                0.012271538376808167,
                0.0
            ],
            [
                -0.0,
                1.0,
                0.0,
                0.0
            ],
            [
                -0.012271538376808167,
                -0.0,
                0.9999247193336487,
                0.0
            ],
            [
                550.0159912109375,
                -1276.8299560546876,
                -81.48570251464844,
                1.0
            ]
        ]
    },
    {
        "ID": 19,
        "Name": "JPCSTACKD800",
        "Type": 54,
        "Scale": 1.0,
        "Transform": [
            [
                0.9999247193336487,
                0.0,
                0.012271538376808167,
                0.0
            ],
            [
                -0.0,
                1.0,
                0.0,
                0.0
            ],
            [
                -0.012271538376808167,
                -0.0,
                0.9999247193336487,
                0.0
            ],
            [
                555.010009765625,
                -1236.199951171875,
                -82.34739685058594,
                1.0
            ]
        ]
    },
    {
        "ID": 20,
        "Name": "JPCSTACKD800",
        "Type": 54,
        "Scale": 1.0,
        "Transform": [
            [
                0.9999247193336487,
                0.0,
                0.012271538376808167,
                0.0
            ],
            [
                -0.0,
                1.0,
                0.0,
                0.0
            ],
            [
                -0.012271538376808167,
                -0.0,
                0.9999247193336487,
                0.0
            ],
            [
                555.7360229492188,
                -1234.3900146484376,
                -69.22579956054688,
                1.0
            ]
        ]
    },
    {
        "ID": 21,
        "Name": "JPCSTACKD800",
        "Type": 54,
        "Scale": 1.0,
        "Transform": [
            [
                0.9999247193336487,
                0.0,
                0.012271538376808167,
                0.0
            ],
            [
                -0.0,
                1.0,
                0.0,
                0.0
            ],
            [
                -0.012271538376808167,
                -0.0,
                0.9999247193336487,
                0.0
            ],
            [
                557.5260009765625,
                -1217.77001953125,
                -69.13480377197266,
                1.0
            ]
        ]
    },
    {
        "ID": 22,
        "Name": "JPCSTACKD800",
        "Type": 54,
        "Scale": 1.0,
        "Transform": [
            [
                0.9999247193336487,
                0.0,
                0.012271538376808167,
                0.0
            ],
            [
                -0.0,
                1.0,
                0.0,
                0.0
            ],
            [
                -0.012271538376808167,
                -0.0,
                0.9999247193336487,
                0.0
            ],
            [
                558.9609985351563,
                -1215.2099609375,
                -77.48609924316406,
                1.0
            ]
        ]
    },
    {
        "ID": 23,
        "Name": "JPCSTACKD800",
        "Type": 54,
        "Scale": 1.0,
        "Transform": [
            [
                0.9999247193336487,
                0.0,
                0.012271538376808167,
                0.0
            ],
            [
                -0.0,
                1.0,
                0.0,
                0.0
            ],
            [
                -0.012271538376808167,
                -0.0,
                0.9999247193336487,
                0.0
            ],
            [
                560.843994140625,
                -1196.7099609375,
                -68.76290130615235,
                1.0
            ]
        ]
    },
    {
        "ID": 24,
        "Name": "JPCSTACKD800",
        "Type": 54,
        "Scale": 1.0,
        "Transform": [
            [
                0.9999247193336487,
                0.0,
                0.012271538376808167,
                0.0
            ],
            [
                -0.0,
                1.0,
                0.0,
                0.0
            ],
            [
                -0.012271538376808167,
                -0.0,
                0.9999247193336487,
                0.0
            ],
            [
                561.0469970703125,
                -1196.56005859375,
                -78.28669738769531,
                1.0
            ]
        ]
    },
    {
        "ID": 25,
        "Name": "JPCSTACKD800",
        "Type": 54,
        "Scale": 1.0,
        "Transform": [
            [
                0.9999247193336487,
                0.0,
                0.012271538376808167,
                0.0
            ],
            [
                -0.0,
                1.0,
                0.0,
                0.0
            ],
            [
                -0.012271538376808167,
                -0.0,
                0.9999247193336487,
                0.0
            ],
            [
                563.8259887695313,
                -1174.6099853515626,
                -77.52940368652344,
                1.0
            ]
        ]
    },
    {
        "ID": 26,
        "Name": "JPCSTACKD800",
        "Type": 54,
        "Scale": 1.0,
        "Transform": [
            [
                0.9999247193336487,
                0.0,
                0.012271538376808167,
                0.0
            ],
            [
                -0.0,
                1.0,
                0.0,
                0.0
            ],
            [
                -0.012271538376808167,
                -0.0,
                0.9999247193336487,
                0.0
            ],
            [
                564.27001953125,
                -1175.699951171875,
                -68.66590118408203,
                1.0
            ]
        ]
    },
    {
        "ID": 27,
        "Name": "JPCSTACKD800",
        "Type": 54,
        "Scale": 1.0,
        "Transform": [
            [
                0.9999247193336487,
                0.0,
                0.012271538376808167,
                0.0
            ],
            [
                -0.0,
                1.0,
                0.0,
                0.0
            ],
            [
                -0.012271538376808167,
                -0.0,
                0.9999247193336487,
                0.0
            ],
            [
                566.9429931640625,
                -1156.6400146484376,
                -82.1353988647461,
                1.0
            ]
        ]
    },
    {
        "ID": 28,
        "Name": "JPCSTACKD800",
        "Type": 54,
        "Scale": 1.0,
        "Transform": [
            [
                0.9999247193336487,
                0.0,
                0.012271538376808167,
                0.0
            ],
            [
                -0.0,
                1.0,
                0.0,
                0.0
            ],
            [
                -0.012271538376808167,
                -0.0,
                0.9999247193336487,
                0.0
            ],
            [
                566.7730102539063,
                -1153.510009765625,
                -69.0374984741211,
                1.0
            ]
        ]
    },
    {
        "ID": 29,
        "Name": "NIHZONE801",
        "Type": 57,
        "Scale": 1.0,
        "Transform": [
            [
                0.9999247193336487,
                0.0,
                0.012271538376808167,
                0.0
            ],
            [
                -0.0,
                1.0,
                0.0,
                0.0
            ],
            [
                -0.012271538376808167,
                -0.0,
                0.9999247193336487,
                0.0
            ],
            [
                575.1420288085938,
                -1249.239990234375,
                -148.2570037841797,
                1.0
            ]
        ]
    },
    {
        "ID": 30,
        "Name": "NIHTABLE801",
        "Type": 54,
        "Scale": 1.0,
        "Transform": [
            [
                0.0,
                0.0,
                1.0,
                0.0
            ],
            [
                -0.0,
                1.0,
                0.0,
                0.0
            ],
            [
                -1.0,
                -0.0,
                0.0,
                0.0
            ],
            [
                583.0159912109375,
                -1247.9000244140626,
                -117.83300018310547,
                1.0
            ]
        ]
    },
    {
        "ID": 31,
        "Name": "NIHTABLE801",
        "Type": 54,
        "Scale": 1.0,
        "Transform": [
            [
                0.0,
                0.0,
                1.0,
                0.0
            ],
            [
                -0.0,
                1.0,
                0.0,
                0.0
            ],
            [
                -1.0,
                -0.0,
                0.0,
                0.0
            ],
            [
                582.9320068359375,
                -1252.5699462890626,
                -108.33699798583985,
                1.0
            ]
        ]
    },
    {
        "ID": 32,
        "Name": "NIHTABLE801",
        "Type": 54,
        "Scale": 1.0,
        "Transform": [
            [
                0.0,
                0.0,
                1.0,
                0.0
            ],
            [
                -0.0,
                1.0,
                0.0,
                0.0
            ],
            [
                -1.0,
                -0.0,
                0.0,
                0.0
            ],
            [
                583.0850219726563,
                -1247.0400390625,
                -107.91799926757813,
                1.0
            ]
        ]
    },
    {
        "ID": 33,
        "Name": "NIHTABLE801",
        "Type": 54,
        "Scale": 1.0,
        "Transform": [
            [
                0.0,
                0.0,
                1.0,
                0.0
            ],
            [
                -0.0,
                1.0,
                0.0,
                0.0
            ],
            [
                -1.0,
                -0.0,
                0.0,
                0.0
            ],
            [
                583.0850219726563,
                -1241.5400390625,
                -107.91799926757813,
                1.0
            ]
        ]
    },
    {
        "ID": 47,
        "Name": "JPCSTACKD800",
        "Type": 54,
        "Scale": 1.0,
        "Transform": [
            [
                0.9329928159713745,
                0.0,
                0.3598950505256653,
                0.0
            ],
            [
                -0.0,
                1.0,
                0.0,
                0.0
            ],
            [
                -0.3598950505256653,
                -0.0,
                0.9329928159713745,
                0.0
            ],
            [
                545.31298828125,
                -1304.739990234375,
                -47.68410110473633,
                1.0
            ]
        ]
    },
    {
        "ID": 48,
        "Name": "JPCSTACKD800",
        "Type": 54,
        "Scale": 1.0,
        "Transform": [
            [
                1.0,
                0.0,
                -0.0,
                0.0
            ],
            [
                0.0,
                1.0,
                0.0,
                0.0
            ],
            [
                0.0,
                0.0,
                1.0,
                0.0
            ],
            [
                546.4080200195313,
                -1302.3599853515626,
                -58.654998779296878,
                1.0
            ]
        ]
    },
    {
        "ID": 49,
        "Name": "JPCSTACKD800",
        "Type": 54,
        "Scale": 1.0,
        "Transform": [
            [
                1.0,
                0.0,
                -0.0,
                0.0
            ],
            [
                0.0,
                1.0,
                0.0,
                0.0
            ],
            [
                0.0,
                0.0,
                1.0,
                0.0
            ],
            [
                548.9580078125,
                -1281.6800537109376,
                -56.81700134277344,
                1.0
            ]
        ]
    },
    {
        "ID": 50,
        "Name": "JPCSTACKD800",
        "Type": 54,
        "Scale": 1.0,
        "Transform": [
            [
                0.9329928159713745,
                0.0,
                0.3598950505256653,
                0.0
            ],
            [
                -0.0,
                1.0,
                0.0,
                0.0
            ],
            [
                -0.3598950505256653,
                -0.0,
                0.9329928159713745,
                0.0
            ],
            [
                548.60302734375,
                -1283.550048828125,
                -46.069000244140628,
                1.0
            ]
        ]
    }
]