[
    {
        "ID": 16,
        "Name": "PORTAL_DISC",
        "Type": 57,
        "Scale": 1.0,
        "Transform": [
            [
                0.0,
                1.0,
                -0.0,
                0.0
            ],
            [
                -1.0,
                0.0,
                0.0,
                0.0
            ],
            [
                0.0,
                0.0,
                1.0,
                0.0
            ],
            [
                1031.5999755859376,
                54.000999450683597,
                120.65699768066406,
                1.0
            ]
        ]
    },
    {
        "ID": 15,
        "Name": "PORTAL_DISC",
        "Type": 57,
        "Scale": 1.0,
        "Transform": [
            [
                -0.8175848126411438,
                -0.5758081674575806,
                -0.0,
                0.0
            ],
            [
                0.5758081674575806,
                -0.8175848126411438,
                0.0,
                0.0
            ],
            [
                -0.0,
                0.0,
                1.0,
                0.0
            ],
            [
                -524.64599609375,
                -1283.1099853515626,
                66.58719635009766,
                1.0
            ]
        ]
    },
    {
        "ID": 14,
        "Name": "OBJ_DRAGSHRINEB",
        "Type": 55,
        "Scale": 1.0,
        "Transform": [
            [
                -0.5857978463172913,
                0.810457170009613,
                -0.0,
                0.0
            ],
            [
                -0.810457170009613,
                -0.5857978463172913,
                0.0,
                0.0
            ],
            [
                0.0,
                0.0,
                1.0,
                0.0
            ],
            [
                -514.218017578125,
                -1296.949951171875,
                64.52649688720703,
                1.0
            ]
        ]
    },
    {
        "ID": 13,
        "Name": "CAVEFACADE_ICE",
        "Type": 58,
        "Scale": 1.0,
        "Transform": [
            [
                -0.9948849678039551,
                0.09798761457204819,
                -0.024541229009628297,
                0.0
            ],
            [
                -0.0980171412229538,
                -0.9951847195625305,
                0.0,
                0.0
            ],
            [
                -0.024423055350780488,
                0.002405460923910141,
                0.99969881772995,
                0.0
            ],
            [
                1593.8499755859376,
                684.60498046875,
                47.28049850463867,
                1.0
            ]
        ]
    },
    {
        "ID": 12,
        "Name": "CAVEFACADE",
        "Type": 58,
        "Scale": 1.0,
        "Transform": [
            [
                0.9807114005088806,
                0.012035743333399296,
                0.19509032368659974,
                0.0
            ],
            [
                -0.012271538376808167,
                0.9999247193336487,
                0.0,
                0.0
            ],
            [
                -0.1950756311416626,
                -0.0023940582759678365,
                0.9807852506637573,
                0.0
            ],
            [
                -1792.9100341796876,
                -1497.72998046875,
                148.26100158691407,
                1.0
            ]
        ]
    },
    {
        "ID": 11,
        "Name": "CAVEFACADE",
        "Type": 58,
        "Scale": 1.0,
        "Transform": [
            [
                0.08538416773080826,
                0.991515040397644,
                0.0980171412229538,
                0.0
            ],
            [
                -0.9963126182556152,
                0.08579730987548828,
                0.0,
                0.0
            ],
            [
                -0.008409606292843819,
                -0.09765571355819702,
                0.9951847195625305,
                0.0
            ],
            [
                907.3489990234375,
                -1635.3900146484376,
                73.40959930419922,
                1.0
            ]
        ]
    },
    {
        "ID": 4,
        "Name": "STILLMOONGATE",
        "Type": 58,
        "Scale": 1.0,
        "Transform": [
            [
                -0.012271538376808167,
                -0.9999247193336487,
                -0.0,
                0.0
            ],
            [
                0.9999247193336487,
                -0.012271538376808167,
                0.0,
                0.0
            ],
            [
                -0.0,
                0.0,
                1.0,
                0.0
            ],
            [
                1582.449951171875,
                130.1699981689453,
                122.04299926757813,
                1.0
            ]
        ]
    },
    {
        "ID": 2,
        "Name": "PORTAL_DISC",
        "Type": 58,
        "Scale": 1.0,
        "Transform": [
            [
                1.0,
                0.0,
                -0.0,
                0.0
            ],
            [
                0.0,
                1.0,
                0.0,
                0.0
            ],
            [
                0.0,
                0.0,
                1.0,
                0.0
            ],
            [
                782.9550170898438,
                -841.9730224609375,
                35.1859016418457,
                1.0
            ]
        ]
    },
    {
        "ID": 5,
        "Name": "PORTAL_DISC",
        "Type": 57,
        "Scale": 1.0,
        "Transform": [
            [
                0.19509032368659974,
                0.9807852506637573,
                -0.0,
                0.0
            ],
            [
                -0.9807852506637573,
                0.19509032368659974,
                0.0,
                0.0
            ],
            [
                0.0,
                0.0,
                1.0,
                0.0
            ],
            [
                511.1470031738281,
                1241.8800048828126,
                23.419200897216798,
                1.0
            ]
        ]
    },
    {
        "ID": 8,
        "Name": "PORTAL_DISC",
        "Type": 57,
        "Scale": 1.0,
        "Transform": [
            [
                0.9852776527404785,
                0.1709618866443634,
                -0.0,
                0.0
            ],
            [
                -0.1709618866443634,
                0.9852776527404785,
                0.0,
                0.0
            ],
            [
                0.0,
                0.0,
                1.0,
                0.0
            ],
            [
                1199.8399658203126,
                -1285.550048828125,
                53.54359817504883,
                1.0
            ]
        ]
    },
    {
        "ID": 9,
        "Name": "PORTAL_DISC",
        "Type": 57,
        "Scale": 1.0,
        "Transform": [
            [
                0.9238795042037964,
                -0.3826834261417389,
                -0.0,
                0.0
            ],
            [
                0.3826834261417389,
                0.9238795042037964,
                0.0,
                0.0
            ],
            [
                0.0,
                -0.0,
                1.0,
                0.0
            ],
            [
                634.2550048828125,
                1477.0400390625,
                16.08139991760254,
                1.0
            ]
        ]
    },
    {
        "ID": 10,
        "Name": "PORTAL_DISC",
        "Type": 57,
        "Scale": 1.0,
        "Transform": [
            [
                0.9604305028915405,
                -0.2785196900367737,
                -0.0,
                0.0
            ],
            [
                0.2785196900367737,
                0.9604305028915405,
                0.0,
                0.0
            ],
            [
                0.0,
                -0.0,
                1.0,
                0.0
            ],
            [
                -876.6580200195313,
                1622.3399658203126,
                21.58639907836914,
                1.0
            ]
        ]
    }
]