[
    {
        "ID": 109,
        "Name": "POKTELE500",
        "Type": 58,
        "Scale": 1.0,
        "Transform": [
            [
                -0.41965585947036745,
                0.9076662063598633,
                -0.0,
                0.0
            ],
            [
                -0.9076662063598633,
                -0.41965585947036745,
                0.0,
                0.0
            ],
            [
                0.0,
                0.0,
                1.0,
                0.0
            ],
            [
                -173.60000610351563,
                -757.9949951171875,
                -4.091750144958496,
                1.0
            ]
        ]
    },
    {
        "ID": 108,
        "Name": "POKTELE500",
        "Type": 58,
        "Scale": 1.0,
        "Transform": [
            [
                0.978317379951477,
                0.20711137354373933,
                -0.0,
                0.0
            ],
            [
                -0.20711137354373933,
                0.978317379951477,
                0.0,
                0.0
            ],
            [
                0.0,
                0.0,
                1.0,
                0.0
            ],
            [
                -2260.510009765625,
                -1820.5999755859376,
                -1.6831300258636475,
                1.0
            ]
        ]
    },
    {
        "ID": 107,
        "Name": "FAYDOOR",
        "Type": 54,
        "Scale": 1.0,
        "Transform": [
            [
                -0.42267102003097536,
                -0.9062626957893372,
                -0.0,
                0.0
            ],
            [
                0.9062626957893372,
                -0.42267102003097536,
                0.0,
                0.0
            ],
            [
                -0.0,
                0.0,
                1.0,
                0.0
            ],
            [
                -2047.3699951171876,
                -302.3810119628906,
                5.892660140991211,
                1.0
            ]
        ]
    },
    {
        "ID": 106,
        "Name": "FAYLEVATOR",
        "Type": 54,
        "Scale": 1.0,
        "Transform": [
            [
                -0.0,
                -0.0,
                1.0,
                0.0
            ],
            [
                0.8962218165397644,
                -0.44356414675712588,
                0.0,
                0.0
            ],
            [
                0.44356414675712588,
                0.8962218165397644,
                0.0,
                0.0
            ],
            [
                -2033.8299560546876,
                -306.65899658203127,
                29.694499969482423,
                1.0
            ]
        ]
    },
    {
        "ID": 105,
        "Name": "FAYDOOR",
        "Type": 54,
        "Scale": 1.0,
        "Transform": [
            [
                -0.3824672996997833,
                -0.9239674210548401,
                -0.0,
                0.0
            ],
            [
                0.9239674210548401,
                -0.3824672996997833,
                0.0,
                0.0
            ],
            [
                -0.0,
                0.0,
                1.0,
                0.0
            ],
            [
                -2079.050048828125,
                -288.09698486328127,
                6.112659931182861,
                1.0
            ]
        ]
    },
    {
        "ID": 104,
        "Name": "FAYLEVATOR",
        "Type": 54,
        "Scale": 1.0,
        "Transform": [
            [
                -0.0,
                -0.0,
                1.0,
                0.0
            ],
            [
                0.9307045340538025,
                -0.3657204508781433,
                0.0,
                0.0
            ],
            [
                0.3657204508781433,
                0.9307045340538025,
                0.0,
                0.0
            ],
            [
                -2066.780029296875,
                -291.7969970703125,
                28.548200607299806,
                1.0
            ]
        ]
    },
    {
        "ID": 103,
        "Name": "FAYDOOR",
        "Type": 54,
        "Scale": 1.0,
        "Transform": [
            [
                0.9281313419342041,
                -0.37223777174949648,
                -0.0,
                0.0
            ],
            [
                0.37223777174949648,
                0.9281313419342041,
                0.0,
                0.0
            ],
            [
                0.0,
                -0.0,
                1.0,
                0.0
            ],
            [
                -2096.3798828125,
                -314.9079895019531,
                3.231290102005005,
                1.0
            ]
        ]
    },
    {
        "ID": 102,
        "Name": "FAYLEVATOR",
        "Type": 54,
        "Scale": 1.0,
        "Transform": [
            [
                0.0,
                -0.0,
                1.0,
                0.0
            ],
            [
                0.40512868762016299,
                0.9142588376998901,
                0.0,
                0.0
            ],
            [
                -0.9142588376998901,
                0.40512868762016299,
                0.0,
                0.0
            ],
            [
                -2091.590087890625,
                -300.8489990234375,
                25.837200164794923,
                1.0
            ]
        ]
    },
    {
        "ID": 101,
        "Name": "FAYLEVATOR",
        "Type": 54,
        "Scale": 1.0,
        "Transform": [
            [
                0.0,
                -0.0,
                1.0,
                0.0
            ],
            [
                0.3943294882774353,
                0.9189667105674744,
                0.0,
                0.0
            ],
            [
                -0.9189667105674744,
                0.3943294882774353,
                0.0,
                0.0
            ],
            [
                -2106.1201171875,
                -334.6510009765625,
                24.57830047607422,
                1.0
            ]
        ]
    },
    {
        "ID": 100,
        "Name": "FAYDOOR",
        "Type": 54,
        "Scale": 1.0,
        "Transform": [
            [
                0.8588461875915527,
                -0.5122118592262268,
                -0.0,
                0.0
            ],
            [
                0.5122118592262268,
                0.8588461875915527,
                0.0,
                0.0
            ],
            [
                0.0,
                -0.0,
                1.0,
                0.0
            ],
            [
                -2162.739990234375,
                -479.8399963378906,
                18.197799682617189,
                1.0
            ]
        ]
    },
    {
        "ID": 99,
        "Name": "FAYLEVATOR",
        "Type": 54,
        "Scale": 1.0,
        "Transform": [
            [
                0.0,
                -0.0,
                1.0,
                0.0
            ],
            [
                0.39905431866645815,
                0.9169069528579712,
                0.0,
                0.0
            ],
            [
                -0.9169069528579712,
                0.39905431866645815,
                0.0,
                0.0
            ],
            [
                -2157.820068359375,
                -465.02801513671877,
                37.4119987487793,
                1.0
            ]
        ]
    },
    {
        "ID": 98,
        "Name": "FAYDOOR",
        "Type": 54,
        "Scale": 1.0,
        "Transform": [
            [
                0.9104738235473633,
                -0.41353175044059756,
                -0.0,
                0.0
            ],
            [
                0.41353175044059756,
                0.9104738235473633,
                0.0,
                0.0
            ],
            [
                0.0,
                -0.0,
                1.0,
                0.0
            ],
            [
                -2177.419921875,
                -510.48199462890627,
                10.062000274658204,
                1.0
            ]
        ]
    },
    {
        "ID": 97,
        "Name": "FAYLEVATOR",
        "Type": 54,
        "Scale": 1.0,
        "Transform": [
            [
                0.011497790925204754,
                -0.004288307391107082,
                0.9999247193336487,
                0.0
            ],
            [
                0.3494515120983124,
                0.9369478225708008,
                0.0,
                0.0
            ],
            [
                -0.9368772506713867,
                0.34942519664764407,
                0.012271538376808167,
                0.0
            ],
            [
                -2173.02001953125,
                -500.114013671875,
                39.07740020751953,
                1.0
            ]
        ]
    },
    {
        "ID": 96,
        "Name": "FAYLEVATOR",
        "Type": 54,
        "Scale": 1.0,
        "Transform": [
            [
                0.0,
                0.0,
                1.0,
                0.0
            ],
            [
                -0.9189667105674744,
                0.3943294882774353,
                0.0,
                0.0
            ],
            [
                -0.3943294882774353,
                -0.9189667105674744,
                0.0,
                0.0
            ],
            [
                -2162.330078125,
                -523.7839965820313,
                27.156299591064454,
                1.0
            ]
        ]
    },
    {
        "ID": 95,
        "Name": "FAYLEVATOR",
        "Type": 54,
        "Scale": 1.0,
        "Transform": [
            [
                0.0,
                0.0,
                1.0,
                0.0
            ],
            [
                -0.9208771586418152,
                0.389807790517807,
                0.0,
                0.0
            ],
            [
                -0.389807790517807,
                -0.9208771586418152,
                0.0,
                0.0
            ],
            [
                -2130.43994140625,
                -537.2100219726563,
                27.722700119018556,
                1.0
            ]
        ]
    },
    {
        "ID": 94,
        "Name": "FAYDOOR",
        "Type": 54,
        "Scale": 1.0,
        "Transform": [
            [
                0.362870454788208,
                0.9298021793365479,
                0.06132073700428009,
                0.0
            ],
            [
                -0.9315552711486816,
                0.3635546565055847,
                0.0,
                0.0
            ],
            [
                -0.022293439134955407,
                -0.05712365359067917,
                0.9981181025505066,
                0.0
            ],
            [
                -2025.97998046875,
                -577.22900390625,
                15.997699737548829,
                1.0
            ]
        ]
    },
    {
        "ID": 93,
        "Name": "FAYDOOR",
        "Type": 54,
        "Scale": 1.0,
        "Transform": [
            [
                -0.6744524836540222,
                0.7382960319519043,
                -0.0,
                0.0
            ],
            [
                -0.7382960319519043,
                -0.6744524836540222,
                0.0,
                0.0
            ],
            [
                0.0,
                0.0,
                1.0,
                0.0
            ],
            [
                -1968.8800048828126,
                -603.093017578125,
                20.21969985961914,
                1.0
            ]
        ]
    },
    {
        "ID": 92,
        "Name": "FAYLEVATOR",
        "Type": 54,
        "Scale": 1.0,
        "Transform": [
            [
                -0.05334164574742317,
                -0.12355638295412064,
                0.9909026622772217,
                0.0
            ],
            [
                -0.9180839657783508,
                0.3963543474674225,
                -0.0,
                0.0
            ],
            [
                -0.39274856448173525,
                -0.9097318053245544,
                -0.13458070158958436,
                0.0
            ],
            [
                -2009.5899658203126,
                -588.6829833984375,
                39.98849868774414,
                1.0
            ]
        ]
    },
    {
        "ID": 91,
        "Name": "FAYLEVATOR",
        "Type": 54,
        "Scale": 1.0,
        "Transform": [
            [
                -0.08249373733997345,
                -0.2158266007900238,
                0.9729399681091309,
                0.0
            ],
            [
                -0.9340793490409851,
                0.35702595114707949,
                -0.0,
                0.0
            ],
            [
                -0.3473648130893707,
                -0.9088031053543091,
                -0.23105810582637788,
                0.0
            ],
            [
                -1983.6600341796876,
                -601.2869873046875,
                41.04199981689453,
                1.0
            ]
        ]
    },
    {
        "ID": 90,
        "Name": "FAYLEVATOR",
        "Type": 54,
        "Scale": 1.0,
        "Transform": [
            [
                -0.0,
                0.0,
                1.0,
                0.0
            ],
            [
                -0.36503496766090395,
                -0.9309737682342529,
                0.0,
                0.0
            ],
            [
                0.9309737682342529,
                -0.36503496766090395,
                0.0,
                0.0
            ],
            [
                -1961.1099853515626,
                -588.2730102539063,
                45.357200622558597,
                1.0
            ]
        ]
    },
    {
        "ID": 89,
        "Name": "FAYLEVATOR",
        "Type": 54,
        "Scale": 1.0,
        "Transform": [
            [
                -0.0,
                0.0,
                1.0,
                0.0
            ],
            [
                -0.4098285138607025,
                -0.9121426343917847,
                0.0,
                0.0
            ],
            [
                0.9121426343917847,
                -0.4098285138607025,
                0.0,
                0.0
            ],
            [
                -1948.6600341796876,
                -559.5399780273438,
                36.97930145263672,
                1.0
            ]
        ]
    },
    {
        "ID": 88,
        "Name": "FAYLEVATOR",
        "Type": 54,
        "Scale": 1.0,
        "Transform": [
            [
                0.03402587026357651,
                -0.014035312458872795,
                0.9993223547935486,
                0.0
            ],
            [
                -0.381319522857666,
                -0.9244346618652344,
                -0.0,
                0.0
            ],
            [
                0.923808217048645,
                -0.3810611069202423,
                -0.03680722415447235,
                0.0
            ],
            [
                -1877.18994140625,
                -400.01800537109377,
                35.444698333740237,
                1.0
            ]
        ]
    },
    {
        "ID": 87,
        "Name": "FAYLEVATOR",
        "Type": 54,
        "Scale": 1.0,
        "Transform": [
            [
                -0.0,
                -0.0,
                1.0,
                0.0
            ],
            [
                0.9334274530410767,
                -0.35874733328819277,
                0.0,
                0.0
            ],
            [
                0.35874733328819277,
                0.9334274530410767,
                0.0,
                0.0
            ],
            [
                -1886.1099853515626,
                -374.1669921875,
                37.5796012878418,
                1.0
            ]
        ]
    },
    {
        "ID": 86,
        "Name": "FAYLEVATOR",
        "Type": 54,
        "Scale": 1.0,
        "Transform": [
            [
                -0.0,
                -0.0,
                1.0,
                0.0
            ],
            [
                0.9378435611724854,
                -0.3470352590084076,
                0.0,
                0.0
            ],
            [
                0.3470352590084076,
                0.9378435611724854,
                0.0,
                0.0
            ],
            [
                -1912.8499755859376,
                -364.02801513671877,
                36.305198669433597,
                1.0
            ]
        ]
    },
    {
        "ID": 37,
        "Name": "FAYDOOR",
        "Type": 0,
        "Scale": 1.0,
        "Transform": [
            [
                -1.0,
                0.0,
                -0.0,
                0.0
            ],
            [
                -0.0,
                -1.0,
                0.0,
                0.0
            ],
            [
                0.0,
                0.0,
                1.0,
                0.0
            ],
            [
                -175.50999450683595,
                617.4719848632813,
                114.39800262451172,
                1.0
            ]
        ]
    },
    {
        "ID": 36,
        "Name": "FAYDOOR",
        "Type": 0,
        "Scale": 1.0,
        "Transform": [
            [
                -0.7338157892227173,
                0.6793351173400879,
                -0.0,
                0.0
            ],
            [
                -0.6793351173400879,
                -0.7338157892227173,
                0.0,
                0.0
            ],
            [
                0.0,
                0.0,
                1.0,
                0.0
            ],
            [
                -153.74200439453126,
                673.93798828125,
                114.39800262451172,
                1.0
            ]
        ]
    },
    {
        "ID": 35,
        "Name": "FAYDOOR",
        "Type": 0,
        "Scale": 1.0,
        "Transform": [
            [
                0.0,
                1.0,
                -0.0,
                0.0
            ],
            [
                -1.0,
                0.0,
                0.0,
                0.0
            ],
            [
                0.0,
                0.0,
                1.0,
                0.0
            ],
            [
                128.5749969482422,
                763.1920166015625,
                73.95980072021485,
                1.0
            ]
        ]
    },
    {
        "ID": 34,
        "Name": "FAYDOOR",
        "Type": 0,
        "Scale": 1.0,
        "Transform": [
            [
                1.0,
                0.0,
                -0.0,
                0.0
            ],
            [
                0.0,
                1.0,
                0.0,
                0.0
            ],
            [
                0.0,
                0.0,
                1.0,
                0.0
            ],
            [
                225.4550018310547,
                613.3090209960938,
                73.96589660644531,
                1.0
            ]
        ]
    },
    {
        "ID": 33,
        "Name": "FAYDOOR2A",
        "Type": 0,
        "Scale": 1.0,
        "Transform": [
            [
                0.704139232635498,
                0.7100380659103394,
                -0.0,
                0.0
            ],
            [
                -0.7100380659103394,
                0.704139232635498,
                0.0,
                0.0
            ],
            [
                0.0,
                0.0,
                1.0,
                0.0
            ],
            [
                253.83299255371095,
                476.4280090332031,
                73.94180297851563,
                1.0
            ]
        ]
    },
    {
        "ID": 32,
        "Name": "FAYDOOR2",
        "Type": 5,
        "Scale": 1.0,
        "Transform": [
            [
                0.6994247436523438,
                0.7146950364112854,
                -0.0,
                0.0
            ],
            [
                -0.7146950364112854,
                0.6994247436523438,
                0.0,
                0.0
            ],
            [
                0.0,
                0.0,
                1.0,
                0.0
            ],
            [
                261.24798583984377,
                468.9729919433594,
                73.94180297851563,
                1.0
            ]
        ]
    },
    {
        "ID": 31,
        "Name": "FAYDOOR",
        "Type": 0,
        "Scale": 1.0,
        "Transform": [
            [
                0.0,
                1.0,
                -0.0,
                0.0
            ],
            [
                -1.0,
                0.0,
                0.0,
                0.0
            ],
            [
                0.0,
                0.0,
                1.0,
                0.0
            ],
            [
                410.27801513671877,
                438.5740051269531,
                73.96769714355469,
                1.0
            ]
        ]
    },
    {
        "ID": 30,
        "Name": "FAYDOOR",
        "Type": 0,
        "Scale": 1.0,
        "Transform": [
            [
                -0.6854284405708313,
                -0.7281143069267273,
                -0.0,
                0.0
            ],
            [
                0.7281143069267273,
                -0.6854284405708313,
                0.0,
                0.0
            ],
            [
                -0.0,
                0.0,
                1.0,
                0.0
            ],
            [
                356.5769958496094,
                284.6000061035156,
                73.95680236816406,
                1.0
            ]
        ]
    },
    {
        "ID": 29,
        "Name": "FAYDOOR2A",
        "Type": 0,
        "Scale": 1.0,
        "Transform": [
            [
                -0.7203295230865479,
                0.6936050057411194,
                -0.0,
                0.0
            ],
            [
                -0.6936050057411194,
                -0.7203295230865479,
                0.0,
                0.0
            ],
            [
                0.0,
                0.0,
                1.0,
                0.0
            ],
            [
                -222.58200073242188,
                228.2989959716797,
                73.9583969116211,
                1.0
            ]
        ]
    },
    {
        "ID": 28,
        "Name": "FAYDOOR2",
        "Type": 5,
        "Scale": 1.0,
        "Transform": [
            [
                -0.7105563282966614,
                0.7036145925521851,
                -0.0,
                0.0
            ],
            [
                -0.7036145925521851,
                -0.7105563282966614,
                0.0,
                0.0
            ],
            [
                0.0,
                0.0,
                1.0,
                0.0
            ],
            [
                -215.16600036621095,
                235.79600524902345,
                73.9583969116211,
                1.0
            ]
        ]
    },
    {
        "ID": 27,
        "Name": "FAYDOOR2",
        "Type": 5,
        "Scale": 1.0,
        "Transform": [
            [
                -0.6832828521728516,
                0.7301320433616638,
                -0.0,
                0.0
            ],
            [
                -0.7301320433616638,
                -0.6832828521728516,
                0.0,
                0.0
            ],
            [
                0.0,
                0.0,
                1.0,
                0.0
            ],
            [
                -246.90699768066407,
                267.1679992675781,
                73.9583969116211,
                1.0
            ]
        ]
    },
    {
        "ID": 26,
        "Name": "FAYDOOR2A",
        "Type": 0,
        "Scale": 1.0,
        "Transform": [
            [
                -0.7134885787963867,
                0.7006461024284363,
                -0.0,
                0.0
            ],
            [
                -0.7006461024284363,
                -0.7134885787963867,
                0.0,
                0.0
            ],
            [
                0.0,
                0.0,
                1.0,
                0.0
            ],
            [
                -254.45700073242188,
                259.73199462890627,
                73.9583969116211,
                1.0
            ]
        ]
    },
    {
        "ID": 25,
        "Name": "FAYDOOR",
        "Type": 0,
        "Scale": 1.0,
        "Transform": [
            [
                -0.010799013078212738,
                0.9999337196350098,
                -0.0,
                0.0
            ],
            [
                -0.9999337196350098,
                -0.010799013078212738,
                0.0,
                0.0
            ],
            [
                0.0,
                0.0,
                1.0,
                0.0
            ],
            [
                -88.13680267333985,
                208.5850067138672,
                73.96790313720703,
                1.0
            ]
        ]
    },
    {
        "ID": 24,
        "Name": "FAYDOOR",
        "Type": 0,
        "Scale": 1.0,
        "Transform": [
            [
                -1.0,
                0.0,
                -0.0,
                0.0
            ],
            [
                -0.0,
                -1.0,
                0.0,
                0.0
            ],
            [
                0.0,
                0.0,
                1.0,
                0.0
            ],
            [
                -557.780029296875,
                59.116600036621097,
                157.97300720214845,
                1.0
            ]
        ]
    },
    {
        "ID": 23,
        "Name": "FAYDOOR",
        "Type": 0,
        "Scale": 1.0,
        "Transform": [
            [
                -0.7120550870895386,
                0.7019901275634766,
                0.012271538376808167,
                0.0
            ],
            [
                -0.7020429968833923,
                -0.7121087312698364,
                0.0,
                0.0
            ],
            [
                0.008738669566810131,
                -0.008615147322416306,
                0.9999247193336487,
                0.0
            ],
            [
                -329.06298828125,
                118.70500183105469,
                114.39399719238281,
                1.0
            ]
        ]
    },
    {
        "ID": 22,
        "Name": "FAYDOOR",
        "Type": 0,
        "Scale": 1.0,
        "Transform": [
            [
                -0.7489725947380066,
                0.6625986695289612,
                -0.0,
                0.0
            ],
            [
                -0.6625986695289612,
                -0.7489725947380066,
                0.0,
                0.0
            ],
            [
                0.0,
                0.0,
                1.0,
                0.0
            ],
            [
                -349.12200927734377,
                138.79600524902345,
                114.39099884033203,
                1.0
            ]
        ]
    },
    {
        "ID": 21,
        "Name": "FAYDOOR",
        "Type": 0,
        "Scale": 1.0,
        "Transform": [
            [
                0.700300395488739,
                0.7138301134109497,
                -0.0,
                0.0
            ],
            [
                -0.7138301134109497,
                0.700300395488739,
                0.0,
                0.0
            ],
            [
                0.0,
                0.0,
                1.0,
                0.0
            ],
            [
                -208.9239959716797,
                126.26399993896485,
                114.47000122070313,
                1.0
            ]
        ]
    },
    {
        "ID": 20,
        "Name": "FAYDOOR",
        "Type": 0,
        "Scale": 1.0,
        "Transform": [
            [
                0.7071067690849304,
                0.7071067690849304,
                -0.0,
                0.0
            ],
            [
                -0.7071067690849304,
                0.7071067690849304,
                0.0,
                0.0
            ],
            [
                0.0,
                0.0,
                1.0,
                0.0
            ],
            [
                -53.291500091552737,
                -102.29299926757813,
                73.96810150146485,
                1.0
            ]
        ]
    },
    {
        "ID": 19,
        "Name": "FAYDOOR",
        "Type": 0,
        "Scale": 1.0,
        "Transform": [
            [
                1.0,
                0.0,
                -0.0,
                0.0
            ],
            [
                0.0,
                1.0,
                0.0,
                0.0
            ],
            [
                0.0,
                0.0,
                1.0,
                0.0
            ],
            [
                -199.0330047607422,
                -604.6339721679688,
                157.9709930419922,
                1.0
            ]
        ]
    },
    {
        "ID": 18,
        "Name": "FAYDOOR",
        "Type": 0,
        "Scale": 1.0,
        "Transform": [
            [
                0.0,
                -1.0,
                -0.0,
                0.0
            ],
            [
                1.0,
                0.0,
                0.0,
                0.0
            ],
            [
                0.0,
                -0.0,
                1.0,
                0.0
            ],
            [
                -61.15169906616211,
                -223.7259979248047,
                72.58280181884766,
                1.0
            ]
        ]
    },
    {
        "ID": 7,
        "Name": "FAYDOOR2A",
        "Type": 0,
        "Scale": 1.0,
        "Transform": [
            [
                -0.72542405128479,
                0.6882889866828919,
                -0.0,
                0.0
            ],
            [
                -0.6882889866828919,
                -0.72542405128479,
                0.0,
                0.0
            ],
            [
                0.0,
                0.0,
                1.0,
                0.0
            ],
            [
                -520.2680053710938,
                -198.79600524902345,
                157.97900390625,
                1.0
            ]
        ]
    },
    {
        "ID": 6,
        "Name": "FAYDOOR2",
        "Type": 5,
        "Scale": 1.0,
        "Transform": [
            [
                -0.7546255588531494,
                0.6561306118965149,
                -0.0,
                0.0
            ],
            [
                -0.6561306118965149,
                -0.7546255588531494,
                0.0,
                0.0
            ],
            [
                0.0,
                0.0,
                1.0,
                0.0
            ],
            [
                -481.2099914550781,
                -222.91099548339845,
                157.97900390625,
                1.0
            ]
        ]
    },
    {
        "ID": 5,
        "Name": "FAYDOOR2A",
        "Type": 0,
        "Scale": 1.0,
        "Transform": [
            [
                -0.6786027550697327,
                0.734487771987915,
                -0.0,
                0.0
            ],
            [
                -0.734487771987915,
                -0.6786027550697327,
                0.0,
                0.0
            ],
            [
                0.0,
                0.0,
                1.0,
                0.0
            ],
            [
                -488.6199951171875,
                -230.4709930419922,
                157.97900390625,
                1.0
            ]
        ]
    },
    {
        "ID": 3,
        "Name": "FAYDOOR",
        "Type": 0,
        "Scale": 1.0,
        "Transform": [
            [
                0.7235658764839172,
                -0.6902472972869873,
                -0.0,
                0.0
            ],
            [
                0.6902472972869873,
                0.7235658764839172,
                0.0,
                0.0
            ],
            [
                0.0,
                -0.0,
                1.0,
                0.0
            ],
            [
                -378.7640075683594,
                -325.50299072265627,
                157.97000122070313,
                1.0
            ]
        ]
    },
    {
        "ID": 1,
        "Name": "FAYDOOR",
        "Type": 0,
        "Scale": 1.0,
        "Transform": [
            [
                1.0,
                0.0,
                -0.0,
                0.0
            ],
            [
                0.0,
                1.0,
                0.0,
                0.0
            ],
            [
                0.0,
                0.0,
                1.0,
                0.0
            ],
            [
                -119.5250015258789,
                -560.5759887695313,
                157.9709930419922,
                1.0
            ]
        ]
    },
    {
        "ID": 2,
        "Name": "FAYDOOR",
        "Type": 0,
        "Scale": 1.0,
        "Transform": [
            [
                0.7311410307884216,
                -0.6822100281715393,
                -0.0,
                0.0
            ],
            [
                0.6822100281715393,
                0.7311410307884216,
                0.0,
                0.0
            ],
            [
                0.0,
                -0.0,
                1.0,
                0.0
            ],
            [
                -377.260009765625,
                -605.551025390625,
                157.96800231933595,
                1.0
            ]
        ]
    },
    {
        "ID": 8,
        "Name": "FAYDOOR2",
        "Type": 5,
        "Scale": 1.0,
        "Transform": [
            [
                -0.6782500743865967,
                0.7348113656044006,
                -0.0,
                0.0
            ],
            [
                -0.7348113656044006,
                -0.6782500743865967,
                0.0,
                0.0
            ],
            [
                0.0,
                0.0,
                1.0,
                0.0
            ],
            [
                -512.7949829101563,
                -191.39599609375,
                157.97900390625,
                1.0
            ]
        ]
    },
    {
        "ID": 9,
        "Name": "FAYDOOR",
        "Type": 0,
        "Scale": 1.0,
        "Transform": [
            [
                -1.0,
                0.0,
                -0.0,
                0.0
            ],
            [
                -0.0,
                -1.0,
                0.0,
                0.0
            ],
            [
                0.0,
                0.0,
                1.0,
                0.0
            ],
            [
                -501.3590087890625,
                -560.9149780273438,
                157.91900634765626,
                1.0
            ]
        ]
    },
    {
        "ID": 10,
        "Name": "FAYDOOR",
        "Type": 0,
        "Scale": 1.0,
        "Transform": [
            [
                1.0,
                0.0,
                -0.0,
                0.0
            ],
            [
                0.0,
                1.0,
                0.0,
                0.0
            ],
            [
                0.0,
                0.0,
                1.0,
                0.0
            ],
            [
                -263.6029968261719,
                -420.0270080566406,
                114.4000015258789,
                1.0
            ]
        ]
    },
    {
        "ID": 11,
        "Name": "FAYDOOR",
        "Type": 0,
        "Scale": 1.0,
        "Transform": [
            [
                0.7071067690849304,
                0.7071067690849304,
                -0.0,
                0.0
            ],
            [
                -0.7071067690849304,
                0.7071067690849304,
                0.0,
                0.0
            ],
            [
                0.0,
                0.0,
                1.0,
                0.0
            ],
            [
                -291.0060119628906,
                -341.33099365234377,
                114.39299774169922,
                1.0
            ]
        ]
    },
    {
        "ID": 12,
        "Name": "FAYDOOR",
        "Type": 0,
        "Scale": 1.0,
        "Transform": [
            [
                -0.6983762383460999,
                -0.7157308459281921,
                -0.0,
                0.0
            ],
            [
                0.7157308459281921,
                -0.6983762383460999,
                0.0,
                0.0
            ],
            [
                -0.0,
                0.0,
                1.0,
                0.0
            ],
            [
                -359.5769958496094,
                -187.17999267578126,
                73.96810150146485,
                1.0
            ]
        ]
    },
    {
        "ID": 13,
        "Name": "FAYDOOR",
        "Type": 0,
        "Scale": 1.0,
        "Transform": [
            [
                -0.7027502655982971,
                -0.7114101052284241,
                -0.0,
                0.0
            ],
            [
                0.7114101052284241,
                -0.7027502655982971,
                0.0,
                0.0
            ],
            [
                -0.0,
                0.0,
                1.0,
                0.0
            ],
            [
                -389.14801025390627,
                -158.04200744628907,
                73.96810150146485,
                1.0
            ]
        ]
    },
    {
        "ID": 14,
        "Name": "FAYDOOR",
        "Type": 0,
        "Scale": 1.0,
        "Transform": [
            [
                -1.0,
                0.0,
                -0.0,
                0.0
            ],
            [
                -0.0,
                -1.0,
                0.0,
                0.0
            ],
            [
                0.0,
                0.0,
                1.0,
                0.0
            ],
            [
                -481.7669982910156,
                -136.54400634765626,
                73.8656997680664,
                1.0
            ]
        ]
    },
    {
        "ID": 15,
        "Name": "FAYDOOR",
        "Type": 0,
        "Scale": 1.0,
        "Transform": [
            [
                0.0,
                1.0,
                -0.0,
                0.0
            ],
            [
                -1.0,
                0.0,
                0.0,
                0.0
            ],
            [
                0.0,
                0.0,
                1.0,
                0.0
            ],
            [
                -342.1919860839844,
                -46.31650161743164,
                73.97029876708985,
                1.0
            ]
        ]
    },
    {
        "ID": 16,
        "Name": "FAYDOOR",
        "Type": 0,
        "Scale": 1.0,
        "Transform": [
            [
                0.7006374597549439,
                -0.7134971618652344,
                -0.0,
                0.0
            ],
            [
                0.7134971618652344,
                0.7006374597549439,
                0.0,
                0.0
            ],
            [
