[
    {
        "ID": 43,
        "Name": "INKDOOR801",
        "Type": 27,
        "Scale": 1.0,
        "Transform": [
            [
                -1.0,
                0.0,
                -0.0,
                0.0
            ],
            [
                -0.0,
                -1.0,
                0.0,
                0.0
            ],
            [
                0.0,
                0.0,
                1.0,
                0.0
            ],
            [
                -793.5,
                -50.0,
                -131.0,
                1.0
            ]
        ]
    },
    {
        "ID": 42,
        "Name": "INKDOOR801",
        "Type": 27,
        "Scale": 1.0,
        "Transform": [
            [
                1.0,
                0.0,
                -0.0,
                0.0
            ],
            [
                0.0,
                1.0,
                0.0,
                0.0
            ],
            [
                0.0,
                0.0,
                1.0,
                0.0
            ],
            [
                -801.5,
                -76.0,
                -131.0,
                1.0
            ]
        ]
    },
    {
        "ID": 41,
        "Name": "INKDOOR800",
        "Type": 72,
        "Scale": 1.0,
        "Transform": [
            [
                0.0,
                -1.0,
                -0.0,
                0.0
            ],
            [
                1.0,
                0.0,
                0.0,
                0.0
            ],
            [
                0.0,
                -0.0,
                1.0,
                0.0
            ],
            [
                -495.0,
                -96.5,
                -31.0,
                1.0
            ]
        ]
    },
    {
        "ID": 40,
        "Name": "CRATEG",
        "Type": 53,
        "Scale": 1.0
    },
    {
        "ID": 39,
        "Name": "CRATEG",
        "Type": 53,
        "Scale": 1.0
    },
    {
        "ID": 38,
        "Name": "CRATEG",
        "Type": 53,
        "Scale": 1.0
    },
    {
        "ID": 37,
        "Name": "CRATEG",
        "Type": 53,
        "Scale": 1.0
    },
    {
        "ID": 16,
        "Name": "TMTELEPORT800",
        "Type": 58,
        "Scale": 1.0,
        "Transform": [
            [
                0.0,
                1.0,
                -0.0,
                0.0
            ],
            [
                -1.0,
                0.0,
                0.0,
                0.0
            ],
            [
                0.0,
                0.0,
                1.0,
                0.0
            ],
            [
                192.0,
                46.0,
                -5.5,
                1.0
            ]
        ]
    },
    {
        "ID": 15,
        "Name": "TCWISP800",
        "Type": 157,
        "Scale": 5.0,
        "Transform": [
            [
                -0.9536430239677429,
                0.2388751357793808,
                -0.18303988873958589,
                0.0
            ],
            [
                0.24298018217086793,
                0.9700312614440918,
                -0.0,
                0.0
            ],
            [
                0.1775544136762619,
                -0.04447506368160248,
                -0.983105480670929,
                0.0
            ],
            [
                -546.9039916992188,
                203.50100708007813,
                -2.212430000305176,
                1.0
            ]
        ]
    },
    {
        "ID": 14,
        "Name": "TCWISP801",
        "Type": 156,
        "Scale": 4.0,
        "Transform": [
            [
                0.22571349143981934,
                -0.9741746187210083,
                -0.0,
                0.0
            ],
            [
                0.9741746187210083,
                0.22571349143981934,
                0.0,
                0.0
            ],
            [
                0.0,
                -0.0,
                1.0,
                0.0
            ],
            [
                -478.7019958496094,
                291.50799560546877,
                24.324100494384767,
                1.0
            ]
        ]
    },
    {
        "ID": 13,
        "Name": "TCWISP800",
        "Type": 156,
        "Scale": 2.0,
        "Transform": [
            [
                0.19583557546138764,
                0.9806322455406189,
                -0.0,
                0.0
            ],
            [
                -0.9806322455406189,
                0.19583557546138764,
                0.0,
                0.0
            ],
            [
                0.0,
                0.0,
                1.0,
                0.0
            ],
            [
                -554.656005859375,
                474.4320068359375,
                34.037601470947269,
                1.0
            ]
        ]
    },
    {
        "ID": 12,
        "Name": "TCWISP801",
        "Type": 156,
        "Scale": 2.0,
        "Transform": [
            [
                0.5292628407478333,
                -0.8484358787536621,
                -0.0,
                0.0
            ],
            [
                0.8484358787536621,
                0.5292628407478333,
                0.0,
                0.0
            ],
            [
                0.0,
                -0.0,
                1.0,
                0.0
            ],
            [
                -491.0010070800781,
                432.5419921875,
                36.324100494384769,
                1.0
            ]
        ]
    },
    {
        "ID": 11,
        "Name": "TCWISP800",
        "Type": 156,
        "Scale": 2.0,
        "Transform": [
            [
                -0.9993494153022766,
                -0.03592418134212494,
                -0.0,
                0.0
            ],
            [
                0.03592418134212494,
                -0.9993494153022766,
                0.0,
                0.0
            ],
            [
                -0.0,
                0.0,
                1.0,
                0.0
            ],
            [
                -476.60400390625,
                297.5639953613281,
                33.287601470947269,
                1.0
            ]
        ]
    },
    {
        "ID": 10,
        "Name": "TCWISP801",
        "Type": 157,
        "Scale": 10.0,
        "Transform": [
            [
                0.038575440645217898,
                0.4479534327983856,
                -0.89322429895401,
                0.0
            ],
            [
                -0.9963126182556152,
                0.08579730987548828,
                0.0,
                0.0
            ],
            [
                0.07663623988628388,
                0.8899306058883667,
                0.4496113359928131,
                0.0
            ],
            [
                -383.135009765625,
                440.00299072265627,
                4.829130172729492,
                1.0
            ]
        ]
    },
    {
        "ID": 9,
        "Name": "TCWISP800",
        "Type": 157,
        "Scale": 10.0,
        "Transform": [
            [
                0.06124694272875786,
                -0.6218506097793579,
                0.7807372212409973,
                0.0
            ],
            [
                0.9951847195625305,
                0.0980171412229538,
                0.0,
                0.0
            ],
            [
                -0.07652562856674195,
                0.7769777178764343,
                0.6248595118522644,
                0.0
            ],
            [
                -617.1110229492188,
                453.0559997558594,
                4.81810998916626,
                1.0
            ]
        ]
    },
    {
        "ID": 8,
        "Name": "TCWISP801",
        "Type": 157,
        "Scale": 10.0,
        "Transform": [
            [
                -0.16349567472934724,
                -0.08229680359363556,
                -0.983105480670929,
                0.0
            ],
            [
                -0.4496113359928131,
                0.89322429895401,
                -0.0,
                0.0
            ],
            [
                0.8781336545944214,
                0.4420153498649597,
                -0.18303988873958589,
                0.0
            ],
            [
                -468.4010009765625,
                241.07699584960938,
                -2.212430000305176,
                1.0
            ]
        ]
    },
    {
        "ID": 7,
        "Name": "TCWISP800",
        "Type": 157,
        "Scale": 10.0,
        "Transform": [
            [
                -0.29665467143058779,
                0.38012784719467165,
                0.8760700821876526,
                0.0
            ],
            [
                -0.7883464097976685,
                -0.6152315735816956,
                0.0,
                0.0
            ],
            [
                0.5389859676361084,
                -0.6906466484069824,
                0.4821837842464447,
                0.0
            ],
            [
                -414.5570068359375,
                374.1390075683594,
                -2.212430000305176,
                1.0
            ]
        ]
    },
    {
        "ID": 2,
        "Name": "TCWISP801",
        "Type": 156,
        "Scale": 2.0,
        "Transform": [
            [
                -0.7342390418052673,
                -0.6788738369941711,
                -0.0,
                0.0
            ],
            [
                0.6788738369941711,
                -0.7342390418052673,
                0.0,
                0.0
            ],
            [
                -0.0,
                0.0,
                1.0,
                0.0
            ],
            [
                -495.7860107421875,
                253.6230010986328,
                20.037599563598634,
                1.0
            ]
        ]
    },
    {
        "ID": 1,
        "Name": "TCWISP800",
        "Type": 156,
        "Scale": 4.0,
        "Transform": [
            [
                -0.9325665235519409,
                -0.36098015308380129,
                -0.0,
                0.0
            ],
            [
                0.36098015308380129,
                -0.9325665235519409,
                0.0,
                0.0
            ],
            [
                -0.0,
                0.0,
                1.0,
                0.0
            ],
            [
                -488.5190124511719,
                356.3059997558594,
                15.037599563598633,
                1.0
            ]
        ]
    },
    {
        "ID": 3,
        "Name": "TCWISP800",
        "Type": 156,
        "Scale": 4.0,
        "Transform": [
            [
                -0.9529433250427246,
                0.303126722574234,
                -0.0,
                0.0
            ],
            [
                -0.303126722574234,
                -0.9529433250427246,
                0.0,
                0.0
            ],
            [
                0.0,
                0.0,
                1.0,
                0.0
            ],
            [
                -377.7749938964844,
                354.64599609375,
                15.037599563598633,
                1.0
            ]
        ]
    },
    {
        "ID": 4,
        "Name": "TCWISP801",
        "Type": 156,
        "Scale": 2.0,
        "Transform": [
            [
                -0.9755501747131348,
                -0.2197587639093399,
                -0.0,
                0.0
            ],
            [
                0.2197587639093399,
                -0.9755501747131348,
                0.0,
                0.0
            ],
            [
                -0.0,
                0.0,
                1.0,
                0.0
            ],
            [
                -489.197998046875,
                408.49700927734377,
                35.3291015625,
                1.0
            ]
        ]
    },
    {
        "ID": 5,
        "Name": "TCWISP800",
        "Type": 157,
        "Scale": 10.0,
        "Transform": [
            [
                0.05013490095734596,
                0.8160461783409119,
                -0.5758081674575806,
                0.0
            ],
            [
                0.9981181025505066,
                -0.06132073700428009,
                -0.0,
                0.0
            ],
            [
                -0.03530897945165634,
                -0.574724555015564,
                -0.8175848126411438,
                0.0
            ],
            [
                -668.0880126953125,
                362.4070129394531,
                -2.212430000305176,
                1.0
            ]
        ]
    },
    {
        "ID": 6,
        "Name": "TCWISP801",
        "Type": 157,
        "Scale": 10.0,
        "Transform": [
            [
                -0.8608681559562683,
                -0.4333246350288391,
                -0.2667127549648285,
                0.0
            ],
            [
                0.4496113359928131,
                -0.89322429895401,
                0.0,
                0.0
            ],
            [
                -0.23823431134223939,
                -0.11991707235574722,
                0.9637760519981384,
                0.0
            ],
            [
                -814.5869750976563,
                490.8269958496094,
                -2.1760199069976808,
                1.0
            ]
        ]
    },
    {
        "ID": 17,
        "Name": "TCPLF800",
        "Type": 156,
        "Scale": 1.0,
        "Transform": [
            [
                0.21416138112545014,
                0.976779580116272,
                -0.0,
                0.0
            ],
            [
                -0.976779580116272,
                0.21416138112545014,
                0.0,
                0.0
            ],
            [
                0.0,
                0.0,
                1.0,
                0.0
            ],
            [
                -911.4650268554688,
                -116.04399871826172,
                -133.12399291992188,
                1.0
            ]
        ]
    },
    {
        "ID": 18,
        "Name": "TCPLF800",
        "Type": 120,
        "Scale": 2.0,
        "Transform": [
            [
                -0.6715589761734009,
                -0.7409511208534241,
                -0.0,
                0.0
            ],
            [
                0.7409511208534241,
                -0.6715589761734009,
                0.0,
                0.0
            ],
            [
                -0.0,
                0.0,
                1.0,
                0.0
            ],
            [
                -918.5960083007813,
                -108.36900329589844,
                -158.26199340820313,
                1.0
            ]
        ]
    },
    {
        "ID": 19,
        "Name": "TCPLF800",
        "Type": 120,
        "Scale": 2.0,
        "Transform": [
            [
                -0.7409511208534241,
                -0.6715589761734009,
                -0.0,
                0.0
            ],
            [
                0.6715589761734009,
                -0.7409511208534241,
                0.0,
                0.0
            ],
            [
                -0.0,
                0.0,
                1.0,
                0.0
            ],
            [
                -925.3410034179688,
                -97.04650115966797,
                -151.05299377441407,
                1.0
            ]
        ]
    },
    {
        "ID": 20,
        "Name": "INKDOOR800",
        "Type": 72,
        "Scale": 1.0,
        "Transform": [
            [
                0.0,
                1.0,
                -0.0,
                0.0
            ],
            [
                -1.0,
                0.0,
                0.0,
                0.0
            ],
            [
                0.0,
                0.0,
                1.0,
                0.0
            ],
            [
                -447.0,
                -446.0,
                -81.0,
                1.0
            ]
        ]
    },
    {
        "ID": 21,
        "Name": "TCPLF800",
        "Type": 157,
        "Scale": 3.0,
        "Transform": [
            [
                0.14269068837165833,
                0.5156179070472717,
                -0.8448535799980164,
                0.0
            ],
            [
                0.9637760519981384,
                -0.2667127549648285,
                -0.0,
                0.0
            ],
            [
                -0.22533321380615235,
                -0.8142496347427368,
                -0.5349976420402527,
                0.0
            ],
            [
                -920.8779907226563,
                -113.4729995727539,
                -132.24899291992188,
                1.0
            ]
        ]
    },
    {
        "ID": 22,
        "Name": "TCPLF800",
        "Type": 120,
        "Scale": 3.0,
        "Transform": [
            [
                -0.5956993103027344,
                -0.803207516670227,
                -0.0,
                0.0
            ],
            [
                0.803207516670227,
                -0.5956993103027344,
                0.0,
                0.0
            ],
            [
                -0.0,
                0.0,
                1.0,
                0.0
            ],
            [
                -920.1589965820313,
                -118.40599822998047,
                -202.21099853515626,
                1.0
            ]
        ]
    },
    {
        "ID": 23,
        "Name": "TCPLF800",
        "Type": 120,
        "Scale": 2.0,
        "Transform": [
            [
                -0.7409511208534241,
                -0.6715589761734009,
                -0.0,
                0.0
            ],
            [
                0.6715589761734009,
                -0.7409511208534241,
                0.0,
                0.0
            ],
            [
                -0.0,
                0.0,
                1.0,
                0.0
            ],
            [
                -914.81201171875,
                -106.04499816894531,
                -159.072998046875,
                1.0
            ]
        ]
    },
    {
        "ID": 24,
        "Name": "TCPLF800",
        "Type": 120,
        "Scale": 1.0,
        "Transform": [
            [
                -0.903989315032959,
                0.4275550842285156,
                -0.0,
                0.0
            ],
            [
                -0.4275550842285156,
                -0.903989315032959,
                0.0,
                0.0
            ],
            [
                0.0,
                0.0,
                1.0,
                0.0
            ],
            [
                -909.7039794921875,
                -125.98999786376953,
                -152.32699584960938,
                1.0
            ]
        ]
    },
    {
        "ID": 25,
        "Name": "TCPLF800",
        "Type": 120,
        "Scale": 0.5999999642372131,
        "Transform": [
            [
                -0.8819212913513184,
                0.4713967442512512,
                -0.0,
                0.0
            ],
            [
                -0.4713967442512512,
                -0.8819212913513184,
                0.0,
                0.0
            ],
            [
                0.0,
                0.0,
                1.0,
                0.0
            ],
            [
                -919.594970703125,
                -130.2469940185547,
                -148.02499389648438,
                1.0
            ]
        ]
    },
    {
        "ID": 26,
        "Name": "TCPLF800",
        "Type": 120,
        "Scale": 0.7999999523162842,
        "Transform": [
            [
                0.6055110692977905,
                -0.7958369255065918,
                -0.0,
                0.0
            ],
            [
                0.7958369255065918,
                0.6055110692977905,
                0.0,
                0.0
            ],
            [
                0.0,
                -0.0,
                1.0,
                0.0
            ],
            [
                -919.2839965820313,
                -96.52300262451172,
                -149.0780029296875,
                1.0
            ]
        ]
    },
    {
        "ID": 27,
        "Name": "TCPLF800",
        "Type": 125,
        "Scale": 2.0,
        "Transform": [
            [
                0.0,
                -1.0,
                -0.0,
                0.0
            ],
            [
                1.0,
                0.0,
                0.0,
                0.0
            ],
            [
                0.0,
                -0.0,
                1.0,
                0.0
            ],
            [
                -920.4119873046875,
                -114.09600067138672,
                -133.24400329589845,
                1.0
            ]
        ]
    },
    {
        "ID": 28,
        "Name": "CRATEG",
        "Type": 53,
        "Scale": 1.0
    },
    {
        "ID": 29,
        "Name": "CRATEG",
        "Type": 53,
        "Scale": 1.0
    },
    {
        "ID": 30,
        "Name": "CRATEG",
        "Type": 53,
        "Scale": 1.0
    },
    {
        "ID": 31,
        "Name": "CRATEG",
        "Type": 53,
        "Scale": 1.0
    },
    {
        "ID": 32,
        "Name": "CRATEG",
        "Type": 53,
        "Scale": 1.0
    },
    {
        "ID": 33,
        "Name": "CRATEG",
        "Type": 53,
        "Scale": 1.0
    },
    {
        "ID": 34,
        "Name": "CRATEG",
        "Type": 53,
        "Scale": 1.0
    },
    {
        "ID": 35,
        "Name": "CRATEG",
        "Type": 53,
        "Scale": 1.0
    },
    {
        "ID": 36,
        "Name": "CRATEG",
        "Type": 53,
        "Scale": 1.0
    }
]