[
    {
        "ID": 17,
        "Name": "OBJ_GYPWAG00_",
        "Type": 55,
        "Scale": 1.0,
        "Transform": [
            [
                -0.6876721978187561,
                0.7222846746444702,
                0.0735645666718483,
                0.0
            ],
            [
                -0.7242470979690552,
                -0.6895405650138855,
                0.0,
                0.0
            ],
            [
                0.050725750625133517,
                -0.05327892303466797,
                0.9972904324531555,
                0.0
            ],
            [
                2232.929931640625,
                -18.22949981689453,
                71.71260070800781,
                1.0
            ]
        ]
    },
    {
        "ID": 16,
        "Name": "OBJ_GYPWAG01_",
        "Type": 55,
        "Scale": 1.0,
        "Transform": [
            [
                0.39399203658103945,
                0.9191138744354248,
                -0.0,
                0.0
            ],
            [
                -0.9191138744354248,
                0.39399203658103945,
                0.0,
                0.0
            ],
            [
                0.0,
                0.0,
                1.0,
                0.0
            ],
            [
                2221.7900390625,
                -74.28060150146485,
                77.32939910888672,
                1.0
            ]
        ]
    },
    {
        "ID": 15,
        "Name": "OBJ_GYPWAG01_",
        "Type": 55,
        "Scale": 1.0,
        "Transform": [
            [
                -0.9184563755989075,
                0.3672982454299927,
                -0.1467304676771164,
                0.0
            ],
            [
                -0.37131720781326296,
                -0.928506076335907,
                0.0,
                0.0
            ],
            [
                -0.1362401247024536,
                0.05448354408144951,
                0.9891765117645264,
                0.0
            ],
            [
                2287.52001953125,
                -47.896400451660159,
                79.07939910888672,
                1.0
            ]
        ]
    },
    {
        "ID": 14,
        "Name": "OBJ_GYPWAG01_",
        "Type": 55,
        "Scale": 1.0,
        "Transform": [
            [
                -0.810457170009613,
                0.5857978463172913,
                -0.0,
                0.0
            ],
            [
                -0.5857978463172913,
                -0.810457170009613,
                0.0,
                0.0
            ],
            [
                0.0,
                0.0,
                1.0,
                0.0
            ],
            [
                3687.050048828125,
                482.760986328125,
                -5.663780212402344,
                1.0
            ]
        ]
    },
    {
        "ID": 13,
        "Name": "OBJ_GYPWAG01_",
        "Type": 55,
        "Scale": 1.0,
        "Transform": [
            [
                0.8819212913513184,
                -0.4713967442512512,
                -0.0,
                0.0
            ],
            [
                0.4713967442512512,
                0.8819212913513184,
                0.0,
                0.0
            ],
            [
                0.0,
                -0.0,
                1.0,
                0.0
            ],
            [
                3023.2099609375,
                -292.9469909667969,
                45.90129852294922,
                1.0
            ]
        ]
    },
    {
        "ID": 8,
        "Name": "OBJ_GYPWAG00_",
        "Type": 55,
        "Scale": 1.0,
        "Transform": [
            [
                0.3136817514896393,
                0.949528157711029,
                -0.0,
                0.0
            ],
            [
                -0.949528157711029,
                0.3136817514896393,
                0.0,
                0.0
            ],
            [
                0.0,
                0.0,
                1.0,
                0.0
            ],
            [
                3637.68994140625,
                582.7379760742188,
                -12.776900291442871,
                1.0
            ]
        ]
    },
    {
        "ID": 3,
        "Name": "OBJ_FIREPIT00_",
        "Type": 55,
        "Scale": 1.0,
        "Transform": [
            [
                -0.32531028985977175,
                -0.9456073045730591,
                -0.0,
                0.0
            ],
            [
                0.9456073045730591,
                -0.32531028985977175,
                0.0,
                0.0
            ],
            [
                -0.0,
                0.0,
                1.0,
                0.0
            ],
            [
                3637.31005859375,
                518.6439819335938,
                -16.12459945678711,
                1.0
            ]
        ]
    },
    {
        "ID": 9,
        "Name": "OBJ_GYPWAG01_",
        "Type": 55,
        "Scale": 1.0,
        "Transform": [
            [
                -0.978317379951477,
                -0.20711137354373933,
                -0.0,
                0.0
            ],
            [
                0.20711137354373933,
                -0.978317379951477,
                0.0,
                0.0
            ],
            [
                -0.0,
                0.0,
                1.0,
                0.0
            ],
            [
                3698.93994140625,
                530.6489868164063,
                -6.089089870452881,
                1.0
            ]
        ]
    },
    {
        "ID": 10,
        "Name": "OBJ_GYPWAG01_",
        "Type": 55,
        "Scale": 1.0,
        "Transform": [
            [
                -0.21883730590343476,
                0.9745268225669861,
                -0.049067672342061999,
                0.0
            ],
            [
                -0.9757021069526672,
                -0.21910123527050019,
                0.0,
                0.0
            ],
            [
                -0.010750787332654,
                0.047875430434942248,
                0.9987954497337341,
                0.0
            ],
            [
                3646.360107421875,
                461.9859924316406,
                -3.340290069580078,
                1.0
            ]
        ]
    },
    {
        "ID": 11,
        "Name": "OBJ_FIREPIT00_",
        "Type": 55,
        "Scale": 1.0,
        "Transform": [
            [
                0.5952956080436707,
                0.8026632070541382,
                -0.03680722415447235,
                0.0
            ],
            [
                -0.803207516670227,
                0.5956993103027344,
                0.0,
                0.0
            ],
            [
                0.021926037967205049,
                0.029563838616013528,
                0.9993223547935486,
                0.0
            ],
            [
                3073.389892578125,
                -321.88800048828127,
                35.2057991027832,
                1.0
            ]
        ]
    },
    {
        "ID": 12,
        "Name": "OBJ_GYPWAG01_",
        "Type": 55,
        "Scale": 1.0,
        "Transform": [
            [
                -0.15885815024375916,
                -0.9873014092445374,
                -0.0,
                0.0
            ],
            [
                0.9873014092445374,
                -0.15885815024375916,
                0.0,
                0.0
            ],
            [
                -0.0,
                0.0,
                1.0,
                0.0
            ],
            [
                3083.219970703125,
                -266.92401123046877,
                45.5088996887207,
                1.0
            ]
        ]
    }
]